EFRAMES
  1119  1.000000e+00 0.000000e+00 0.000000e+00  0.000000e+00 1.000000e+00 0.000000e+00  0.000000e+00 0.000000e+00 1.000000e+00
  1120  -1.000000e+00 0.000000e+00 0.000000e+00  0.000000e+00 1.000000e+00 0.000000e+00  0.000000e+00 0.000000e+00 -1.000000e+00
  1121  -9.698373e-01 -2.437532e-01 0.000000e+00  -2.437532e-01 9.698373e-01 0.000000e+00  -0.000000e+00 0.000000e+00 -1.000000e+00
  1122  -9.698373e-01 2.437532e-01 0.000000e+00  2.437532e-01 9.698373e-01 0.000000e+00  0.000000e+00 0.000000e+00 -1.000000e+00
  1123  1.228062e-01 9.924307e-01 0.000000e+00  9.924307e-01 -1.228062e-01 0.000000e+00  0.000000e+00 0.000000e+00 -1.000000e+00
  1124  1.000000e+00 0.000000e+00 0.000000e+00  0.000000e+00 1.000000e+00 0.000000e+00  0.000000e+00 0.000000e+00 1.000000e+00
  1125  1.228062e-01 -9.924307e-01 0.000000e+00  9.924307e-01 1.228062e-01 0.000000e+00  -0.000000e+00 0.000000e+00 1.000000e+00
  1126  9.698373e-01 2.437532e-01 0.000000e+00  -2.437532e-01 9.698373e-01 0.000000e+00  0.000000e+00 0.000000e+00 1.000000e+00
  1127  9.876883e-01 -1.564345e-01 0.000000e+00  1.564345e-01 9.876883e-01 0.000000e+00  -0.000000e+00 0.000000e+00 1.000000e+00
  1128  8.470462e-01 -5.315193e-01 0.000000e+00  5.315193e-01 8.470462e-01 0.000000e+00  -0.000000e+00 0.000000e+00 1.000000e+00
  1129  9.698373e-01 -2.437532e-01 0.000000e+00  2.437532e-01 9.698373e-01 0.000000e+00  -0.000000e+00 0.000000e+00 1.000000e+00
  1130  9.876883e-01 1.564345e-01 0.000000e+00  -1.564345e-01 9.876883e-01 0.000000e+00  0.000000e+00 0.000000e+00 1.000000e+00
  1131  8.470462e-01 5.315193e-01 0.000000e+00  -5.315193e-01 8.470462e-01 0.000000e+00  0.000000e+00 0.000000e+00 1.000000e+00
  1132  -1.228062e-01 -9.924307e-01 0.000000e+00  9.924307e-01 -1.228062e-01 0.000000e+00  -0.000000e+00 0.000000e+00 1.000000e+00
  1133  9.197656e-01 -3.924682e-01 0.000000e+00  3.924682e-01 9.197656e-01 0.000000e+00  -0.000000e+00 0.000000e+00 1.000000e+00
  1134  -9.876883e-01 -1.564345e-01 0.000000e+00  -1.564345e-01 9.876883e-01 0.000000e+00  -0.000000e+00 0.000000e+00 -1.000000e+00
  1135  -4.234735e-01 9.059085e-01 0.000000e+00  9.059085e-01 4.234735e-01 0.000000e+00  0.000000e+00 0.000000e+00 -1.000000e+00
  1136  7.534697e-01 6.574826e-01 0.000000e+00  6.574826e-01 -7.534697e-01 0.000000e+00  0.000000e+00 0.000000e+00 -1.000000e+00
  1137  9.876883e-01 1.564345e-01 0.000000e+00  -1.564345e-01 9.876883e-01 0.000000e+00  0.000000e+00 0.000000e+00 1.000000e+00
  1138  -9.197656e-01 3.924682e-01 0.000000e+00  3.924682e-01 9.197656e-01 0.000000e+00  0.000000e+00 0.000000e+00 -1.000000e+00
  1139  -1.000000e+00 0.000000e+00 0.000000e+00  0.000000e+00 1.000000e+00 0.000000e+00  0.000000e+00 0.000000e+00 -1.000000e+00
  1140  -9.197656e-01 -3.924682e-01 0.000000e+00  -3.924682e-01 9.197656e-01 0.000000e+00  -0.000000e+00 0.000000e+00 -1.000000e+00
  1141  2.002928e-01 9.797361e-01 0.000000e+00  9.797361e-01 -2.002928e-01 0.000000e+00  0.000000e+00 0.000000e+00 -1.000000e+00
  1142  1.000000e+00 0.000000e+00 0.000000e+00  0.000000e+00 1.000000e+00 0.000000e+00  0.000000e+00 0.000000e+00 1.000000e+00
  1143  2.002928e-01 -9.797361e-01 0.000000e+00  9.797361e-01 2.002928e-01 0.000000e+00  -0.000000e+00 0.000000e+00 1.000000e+00
  1144  9.197656e-01 3.924682e-01 0.000000e+00  -3.924682e-01 9.197656e-01 0.000000e+00  0.000000e+00 0.000000e+00 1.000000e+00
  1145  -1.228062e-01 9.924307e-01 0.000000e+00  9.924307e-01 1.228062e-01 0.000000e+00  0.000000e+00 0.000000e+00 -1.000000e+00
  1146  -9.876883e-01 1.564345e-01 0.000000e+00  1.564345e-01 9.876883e-01 0.000000e+00  0.000000e+00 0.000000e+00 -1.000000e+00
  1147  9.876883e-01 -1.564345e-01 0.000000e+00  1.564345e-01 9.876883e-01 0.000000e+00  -0.000000e+00 0.000000e+00 1.000000e+00
  1148  -4.234735e-01 -9.059085e-01 0.000000e+00  9.059085e-01 -4.234735e-01 0.000000e+00  -0.000000e+00 0.000000e+00 1.000000e+00
  1149  7.534697e-01 -6.574826e-01 0.000000e+00  6.574826e-01 7.534697e-01 0.000000e+00  -0.000000e+00 0.000000e+00 1.000000e+00
  1150  4.234735e-01 -9.059085e-01 0.000000e+00  9.059085e-01 4.234735e-01 0.000000e+00  -0.000000e+00 0.000000e+00 1.000000e+00
  1151  9.510565e-01 3.090170e-01 0.000000e+00  -3.090170e-01 9.510565e-01 0.000000e+00  0.000000e+00 0.000000e+00 1.000000e+00
  1152  -8.470462e-01 -5.315193e-01 0.000000e+00  -5.315193e-01 8.470462e-01 0.000000e+00  -0.000000e+00 0.000000e+00 -1.000000e+00
  1153  -1.898824e-01 9.818069e-01 0.000000e+00  9.818069e-01 1.898824e-01 0.000000e+00  0.000000e+00 0.000000e+00 -1.000000e+00
  1154  -9.510565e-01 -3.090170e-01 0.000000e+00  -3.090170e-01 9.510565e-01 0.000000e+00  -0.000000e+00 0.000000e+00 -1.000000e+00
  1155  -9.976940e-01 -6.787315e-02 0.000000e+00  -6.787315e-02 9.976940e-01 0.000000e+00  -0.000000e+00 0.000000e+00 -1.000000e+00
  1156  -9.510565e-01 -3.090170e-01 0.000000e+00  -3.090170e-01 9.510565e-01 0.000000e+00  -0.000000e+00 0.000000e+00 -1.000000e+00
  1157  -7.534697e-01 -6.574826e-01 0.000000e+00  6.574826e-01 -7.534697e-01 0.000000e+00  -0.000000e+00 0.000000e+00 1.000000e+00
  1158  4.932449e-01 -8.698905e-01 0.000000e+00  8.698905e-01 4.932449e-01 0.000000e+00  -0.000000e+00 0.000000e+00 1.000000e+00
  1159  -9.960284e-01 8.903620e-02 0.000000e+00  8.903620e-02 9.960284e-01 0.000000e+00  0.000000e+00 0.000000e+00 -1.000000e+00
  1160  9.510565e-01 3.090170e-01 0.000000e+00  -3.090170e-01 9.510565e-01 0.000000e+00  0.000000e+00 0.000000e+00 1.000000e+00
  1161  -1.122653e-01 9.936783e-01 0.000000e+00  9.936783e-01 1.122653e-01 0.000000e+00  0.000000e+00 0.000000e+00 -1.000000e+00
  1162  -9.876883e-01 -1.564345e-01 0.000000e+00  -1.564345e-01 9.876883e-01 0.000000e+00  -0.000000e+00 0.000000e+00 -1.000000e+00
  1163  -2.002928e-01 -9.797361e-01 0.000000e+00  9.797361e-01 -2.002928e-01 0.000000e+00  -0.000000e+00 0.000000e+00 1.000000e+00
  1164  -4.932449e-01 8.698905e-01 0.000000e+00  8.698905e-01 4.932449e-01 0.000000e+00  0.000000e+00 0.000000e+00 -1.000000e+00
  1165  8.470462e-01 -5.315193e-01 0.000000e+00  5.315193e-01 8.470462e-01 0.000000e+00  -0.000000e+00 0.000000e+00 1.000000e+00
  1166  9.876883e-01 1.564345e-01 0.000000e+00  -1.564345e-01 9.876883e-01 0.000000e+00  0.000000e+00 0.000000e+00 1.000000e+00
  1167  6.413403e-01 7.672565e-01 0.000000e+00  7.672565e-01 -6.413403e-01 0.000000e+00  0.000000e+00 0.000000e+00 -1.000000e+00
  1168  1.898824e-01 -9.818069e-01 0.000000e+00  9.818069e-01 1.898824e-01 0.000000e+00  -0.000000e+00 0.000000e+00 1.000000e+00
  1169  9.960284e-01 -8.903620e-02 0.000000e+00  8.903620e-02 9.960284e-01 0.000000e+00  -0.000000e+00 0.000000e+00 1.000000e+00
  1170  -8.910065e-01 -4.539905e-01 0.000000e+00  -4.539905e-01 8.910065e-01 0.000000e+00  -0.000000e+00 0.000000e+00 -1.000000e+00
  1171  8.910065e-01 4.539905e-01 0.000000e+00  -4.539905e-01 8.910065e-01 0.000000e+00  0.000000e+00 0.000000e+00 1.000000e+00
  1172  -6.826884e-01 7.307096e-01 0.000000e+00  7.307096e-01 6.826884e-01 0.000000e+00  0.000000e+00 0.000000e+00 -1.000000e+00
  1173  5.134190e-01 8.581381e-01 0.000000e+00  8.581381e-01 -5.134190e-01 0.000000e+00  0.000000e+00 0.000000e+00 -1.000000e+00
  1174  9.510565e-01 3.090170e-01 0.000000e+00  -3.090170e-01 9.510565e-01 0.000000e+00  0.000000e+00 0.000000e+00 1.000000e+00
  1175  9.976940e-01 6.787315e-02 0.000000e+00  -6.787315e-02 9.976940e-01 0.000000e+00  0.000000e+00 0.000000e+00 1.000000e+00
  1176  8.910065e-01 4.539905e-01 0.000000e+00  -4.539905e-01 8.910065e-01 0.000000e+00  0.000000e+00 0.000000e+00 1.000000e+00
  1177  6.413403e-01 7.672565e-01 0.000000e+00  7.672565e-01 -6.413403e-01 0.000000e+00  0.000000e+00 0.000000e+00 -1.000000e+00
  1178  -8.470462e-01 5.315193e-01 0.000000e+00  5.315193e-01 8.470462e-01 0.000000e+00  0.000000e+00 0.000000e+00 -1.000000e+00
  1179  -1.000000e+00 0.000000e+00 0.000000e+00  0.000000e+00 1.000000e+00 0.000000e+00  0.000000e+00 0.000000e+00 -1.000000e+00
  1180  2.765446e-01 9.610011e-01 0.000000e+00  9.610011e-01 -2.765446e-01 0.000000e+00  0.000000e+00 0.000000e+00 -1.000000e+00
  1181  -8.470462e-01 -5.315193e-01 0.000000e+00  -5.315193e-01 8.470462e-01 0.000000e+00  -0.000000e+00 0.000000e+00 -1.000000e+00
  1182  1.000000e+00 0.000000e+00 0.000000e+00  0.000000e+00 1.000000e+00 0.000000e+00  0.000000e+00 0.000000e+00 1.000000e+00
  1183  2.765446e-01 -9.610011e-01 0.000000e+00  9.610011e-01 2.765446e-01 0.000000e+00  -0.000000e+00 0.000000e+00 1.000000e+00
  1184  -9.876883e-01 -1.564345e-01 0.000000e+00  -1.564345e-01 9.876883e-01 0.000000e+00  -0.000000e+00 0.000000e+00 -1.000000e+00
  1185  -2.765446e-01 -9.610011e-01 0.000000e+00  9.610011e-01 -2.765446e-01 0.000000e+00  -0.000000e+00 0.000000e+00 1.000000e+00
  1186  -5.599752e-01 8.285094e-01 0.000000e+00  8.285094e-01 5.599752e-01 0.000000e+00  0.000000e+00 0.000000e+00 -1.000000e+00
  1187  7.534697e-01 -6.574826e-01 0.000000e+00  6.574826e-01 7.534697e-01 0.000000e+00  -0.000000e+00 0.000000e+00 1.000000e+00
  1188  5.134190e-01 8.581381e-01 0.000000e+00  8.581381e-01 -5.134190e-01 0.000000e+00  0.000000e+00 0.000000e+00 -1.000000e+00
  1189  9.876883e-01 1.564345e-01 0.000000e+00  -1.564345e-01 9.876883e-01 0.000000e+00  0.000000e+00 0.000000e+00 1.000000e+00
  1190  -6.413403e-01 -7.672565e-01 0.000000e+00  7.672565e-01 -6.413403e-01 0.000000e+00  -0.000000e+00 0.000000e+00 1.000000e+00
  1191  5.599752e-01 -8.285094e-01 0.000000e+00  8.285094e-01 5.599752e-01 0.000000e+00  -0.000000e+00 0.000000e+00 1.000000e+00
  1192  -9.510565e-01 -3.090170e-01 0.000000e+00  -3.090170e-01 9.510565e-01 0.000000e+00  -0.000000e+00 0.000000e+00 -1.000000e+00
  1193  9.510565e-01 3.090170e-01 0.000000e+00  -3.090170e-01 9.510565e-01 0.000000e+00  0.000000e+00 0.000000e+00 1.000000e+00
  1194  -3.395616e-02 9.994233e-01 0.000000e+00  9.994233e-01 3.395616e-02 0.000000e+00  0.000000e+00 0.000000e+00 -1.000000e+00
  1195  -9.698373e-01 2.437532e-01 0.000000e+00  2.437532e-01 9.698373e-01 0.000000e+00  0.000000e+00 0.000000e+00 -1.000000e+00
  1196  8.470462e-01 5.315193e-01 0.000000e+00  -5.315193e-01 8.470462e-01 0.000000e+00  0.000000e+00 0.000000e+00 1.000000e+00
  1197  -2.002928e-01 9.797361e-01 0.000000e+00  9.797361e-01 2.002928e-01 0.000000e+00  0.000000e+00 0.000000e+00 -1.000000e+00
  1198  -9.876883e-01 1.564345e-01 0.000000e+00  1.564345e-01 9.876883e-01 0.000000e+00  0.000000e+00 0.000000e+00 -1.000000e+00
  1199  9.876883e-01 -1.564345e-01 0.000000e+00  1.564345e-01 9.876883e-01 0.000000e+00  -0.000000e+00 0.000000e+00 1.000000e+00
  1200  6.413403e-01 -7.672565e-01 0.000000e+00  7.672565e-01 6.413403e-01 0.000000e+00  -0.000000e+00 0.000000e+00 1.000000e+00
  1201  -4.932449e-01 -8.698905e-01 0.000000e+00  8.698905e-01 -4.932449e-01 0.000000e+00  -0.000000e+00 0.000000e+00 1.000000e+00
  1202  -7.534697e-01 6.574826e-01 0.000000e+00  6.574826e-01 7.534697e-01 0.000000e+00  0.000000e+00 0.000000e+00 -1.000000e+00
  1203  -1.000000e+00 0.000000e+00 0.000000e+00  0.000000e+00 1.000000e+00 0.000000e+00  0.000000e+00 0.000000e+00 -1.000000e+00
  1204  -7.534697e-01 -6.574826e-01 0.000000e+00  6.574826e-01 -7.534697e-01 0.000000e+00  -0.000000e+00 0.000000e+00 1.000000e+00
  1205  3.510914e-01 9.363412e-01 0.000000e+00  9.363412e-01 -3.510914e-01 0.000000e+00  0.000000e+00 0.000000e+00 -1.000000e+00
  1206  1.000000e+00 0.000000e+00 0.000000e+00  0.000000e+00 1.000000e+00 0.000000e+00  0.000000e+00 0.000000e+00 1.000000e+00
  1207  3.510914e-01 -9.363412e-01 0.000000e+00  9.363412e-01 3.510914e-01 0.000000e+00  -0.000000e+00 0.000000e+00 1.000000e+00
  1208  7.534697e-01 6.574826e-01 0.000000e+00  6.574826e-01 -7.534697e-01 0.000000e+00  0.000000e+00 0.000000e+00 -1.000000e+00
  1209  -2.765446e-01 9.610011e-01 0.000000e+00  9.610011e-01 2.765446e-01 0.000000e+00  0.000000e+00 0.000000e+00 -1.000000e+00
  1210  -9.876883e-01 1.564345e-01 0.000000e+00  1.564345e-01 9.876883e-01 0.000000e+00  0.000000e+00 0.000000e+00 -1.000000e+00
  1211  9.876883e-01 -1.564345e-01 0.000000e+00  1.564345e-01 9.876883e-01 0.000000e+00  -0.000000e+00 0.000000e+00 1.000000e+00
  1212  -5.599752e-01 -8.285094e-01 0.000000e+00  8.285094e-01 -5.599752e-01 0.000000e+00  -0.000000e+00 0.000000e+00 1.000000e+00
  1213  5.134190e-01 -8.581381e-01 0.000000e+00  8.581381e-01 5.134190e-01 0.000000e+00  -0.000000e+00 0.000000e+00 1.000000e+00
  1214  -9.510565e-01 -3.090170e-01 0.000000e+00  -3.090170e-01 9.510565e-01 0.000000e+00  -0.000000e+00 0.000000e+00 -1.000000e+00
  1215  -5.134190e-01 -8.581381e-01 0.000000e+00  8.581381e-01 -5.134190e-01 0.000000e+00  -0.000000e+00 0.000000e+00 1.000000e+00
  1216  6.232531e-01 -7.820202e-01 0.000000e+00  7.820202e-01 6.232531e-01 0.000000e+00  -0.000000e+00 0.000000e+00 1.000000e+00
  1217  -9.197656e-01 3.924682e-01 0.000000e+00  3.924682e-01 9.197656e-01 0.000000e+00  0.000000e+00 0.000000e+00 -1.000000e+00
  1218  9.510565e-01 3.090170e-01 0.000000e+00  -3.090170e-01 9.510565e-01 0.000000e+00  0.000000e+00 0.000000e+00 1.000000e+00
  1219  4.456237e-02 9.990066e-01 0.000000e+00  9.990066e-01 -4.456237e-02 0.000000e+00  0.000000e+00 0.000000e+00 -1.000000e+00
  1220  -9.876883e-01 -1.564345e-01 0.000000e+00  -1.564345e-01 9.876883e-01 0.000000e+00  -0.000000e+00 0.000000e+00 -1.000000e+00
  1221  -3.510914e-01 -9.363412e-01 0.000000e+00  9.363412e-01 -3.510914e-01 0.000000e+00  -0.000000e+00 0.000000e+00 1.000000e+00
  1222  -6.232531e-01 7.820202e-01 0.000000e+00  7.820202e-01 6.232531e-01 0.000000e+00  0.000000e+00 0.000000e+00 -1.000000e+00
  1223  6.413403e-01 -7.672565e-01 0.000000e+00  7.672565e-01 6.413403e-01 0.000000e+00  -0.000000e+00 0.000000e+00 1.000000e+00
  1224  9.876883e-01 1.564345e-01 0.000000e+00  -1.564345e-01 9.876883e-01 0.000000e+00  0.000000e+00 0.000000e+00 1.000000e+00
  1225  3.728556e-01 9.278894e-01 0.000000e+00  9.278894e-01 -3.728556e-01 0.000000e+00  0.000000e+00 0.000000e+00 -1.000000e+00
  1226  3.395616e-02 -9.994233e-01 0.000000e+00  9.994233e-01 3.395616e-02 0.000000e+00  -0.000000e+00 0.000000e+00 1.000000e+00
  1227  9.197656e-01 -3.924682e-01 0.000000e+00  3.924682e-01 9.197656e-01 0.000000e+00  -0.000000e+00 0.000000e+00 1.000000e+00
  1228  -8.910065e-01 -4.539905e-01 0.000000e+00  -4.539905e-01 8.910065e-01 0.000000e+00  -0.000000e+00 0.000000e+00 -1.000000e+00
  1229  8.910065e-01 4.539905e-01 0.000000e+00  -4.539905e-01 8.910065e-01 0.000000e+00  0.000000e+00 0.000000e+00 1.000000e+00
  1230  -7.885915e-01 6.149174e-01 0.000000e+00  6.149174e-01 7.885915e-01 0.000000e+00  0.000000e+00 0.000000e+00 -1.000000e+00
  1231  2.231112e-01 9.747930e-01 0.000000e+00  9.747930e-01 -2.231112e-01 0.000000e+00  0.000000e+00 0.000000e+00 -1.000000e+00
  1232  9.698373e-01 -2.437532e-01 0.000000e+00  2.437532e-01 9.698373e-01 0.000000e+00  -0.000000e+00 0.000000e+00 1.000000e+00
  1233  8.910065e-01 4.539905e-01 0.000000e+00  -4.539905e-01 8.910065e-01 0.000000e+00  0.000000e+00 0.000000e+00 1.000000e+00
  1234  1.122653e-01 -9.936783e-01 0.000000e+00  9.936783e-01 1.122653e-01 0.000000e+00  -0.000000e+00 0.000000e+00 1.000000e+00
  1235  -8.910065e-01 -4.539905e-01 0.000000e+00  -4.539905e-01 8.910065e-01 0.000000e+00  -0.000000e+00 0.000000e+00 -1.000000e+00
  1236  -7.379147e-01 6.748940e-01 0.000000e+00  6.748940e-01 7.379147e-01 0.000000e+00  0.000000e+00 0.000000e+00 -1.000000e+00
  1237  3.728556e-01 9.278894e-01 0.000000e+00  9.278894e-01 -3.728556e-01 0.000000e+00  0.000000e+00 0.000000e+00 -1.000000e+00
  1238  -6.413403e-01 7.672565e-01 0.000000e+00  7.672565e-01 6.413403e-01 0.000000e+00  0.000000e+00 0.000000e+00 -1.000000e+00
  1239  -1.000000e+00 0.000000e+00 0.000000e+00  0.000000e+00 1.000000e+00 0.000000e+00  0.000000e+00 0.000000e+00 -1.000000e+00
  1240  4.234735e-01 9.059085e-01 0.000000e+00  9.059085e-01 -4.234735e-01 0.000000e+00  0.000000e+00 0.000000e+00 -1.000000e+00
  1241  -6.413403e-01 -7.672565e-01 0.000000e+00  7.672565e-01 -6.413403e-01 0.000000e+00  -0.000000e+00 0.000000e+00 1.000000e+00
  1242  1.000000e+00 0.000000e+00 0.000000e+00  0.000000e+00 1.000000e+00 0.000000e+00  0.000000e+00 0.000000e+00 1.000000e+00
  1243  4.234735e-01 -9.059085e-01 0.000000e+00  9.059085e-01 4.234735e-01 0.000000e+00  -0.000000e+00 0.000000e+00 1.000000e+00
  1244  -9.876883e-01 -1.564345e-01 0.000000e+00  -1.564345e-01 9.876883e-01 0.000000e+00  -0.000000e+00 0.000000e+00 -1.000000e+00
  1245  -4.234735e-01 -9.059085e-01 0.000000e+00  9.059085e-01 -4.234735e-01 0.000000e+00  -0.000000e+00 0.000000e+00 1.000000e+00
  1246  -6.826884e-01 7.307096e-01 0.000000e+00  7.307096e-01 6.826884e-01 0.000000e+00  0.000000e+00 0.000000e+00 -1.000000e+00
  1247  5.134190e-01 -8.581381e-01 0.000000e+00  8.581381e-01 5.134190e-01 0.000000e+00  -0.000000e+00 0.000000e+00 1.000000e+00
  1248  2.231112e-01 9.747930e-01 0.000000e+00  9.747930e-01 -2.231112e-01 0.000000e+00  0.000000e+00 0.000000e+00 -1.000000e+00
  1249  9.876883e-01 1.564345e-01 0.000000e+00  -1.564345e-01 9.876883e-01 0.000000e+00  0.000000e+00 0.000000e+00 1.000000e+00
  1250  -3.728556e-01 -9.278894e-01 0.000000e+00  9.278894e-01 -3.728556e-01 0.000000e+00  -0.000000e+00 0.000000e+00 1.000000e+00
  1251  6.826884e-01 -7.307096e-01 0.000000e+00  7.307096e-01 6.826884e-01 0.000000e+00  -0.000000e+00 0.000000e+00 1.000000e+00
  1252  -9.510565e-01 -3.090170e-01 0.000000e+00  -3.090170e-01 9.510565e-01 0.000000e+00  -0.000000e+00 0.000000e+00 -1.000000e+00
  1253  9.510565e-01 3.090170e-01 0.000000e+00  -3.090170e-01 9.510565e-01 0.000000e+00  0.000000e+00 0.000000e+00 1.000000e+00
  1254  -8.470462e-01 5.315193e-01 0.000000e+00  5.315193e-01 8.470462e-01 0.000000e+00  0.000000e+00 0.000000e+00 -1.000000e+00
  1255  1.228062e-01 9.924307e-01 0.000000e+00  9.924307e-01 -1.228062e-01 0.000000e+00  0.000000e+00 0.000000e+00 -1.000000e+00
  1256  6.413403e-01 7.672565e-01 0.000000e+00  7.672565e-01 -6.413403e-01 0.000000e+00  0.000000e+00 0.000000e+00 -1.000000e+00
  1257  -3.510914e-01 9.363412e-01 0.000000e+00  9.363412e-01 3.510914e-01 0.000000e+00  0.000000e+00 0.000000e+00 -1.000000e+00
  1258  -9.876883e-01 1.564345e-01 0.000000e+00  1.564345e-01 9.876883e-01 0.000000e+00  0.000000e+00 0.000000e+00 -1.000000e+00
  1259  9.876883e-01 -1.564345e-01 0.000000e+00  1.564345e-01 9.876883e-01 0.000000e+00  -0.000000e+00 0.000000e+00 1.000000e+00
  1260  -6.232531e-01 -7.820202e-01 0.000000e+00  7.820202e-01 -6.232531e-01 0.000000e+00  -0.000000e+00 0.000000e+00 1.000000e+00
  1261  3.728556e-01 -9.278894e-01 0.000000e+00  9.278894e-01 3.728556e-01 0.000000e+00  -0.000000e+00 0.000000e+00 1.000000e+00
  1262  -5.134190e-01 8.581381e-01 0.000000e+00  8.581381e-01 5.134190e-01 0.000000e+00  0.000000e+00 0.000000e+00 -1.000000e+00
  1263  -1.000000e+00 0.000000e+00 0.000000e+00  0.000000e+00 1.000000e+00 0.000000e+00  0.000000e+00 0.000000e+00 -1.000000e+00
  1264  -5.134190e-01 -8.581381e-01 0.000000e+00  8.581381e-01 -5.134190e-01 0.000000e+00  -0.000000e+00 0.000000e+00 1.000000e+00
  1265  4.932449e-01 8.698905e-01 0.000000e+00  8.698905e-01 -4.932449e-01 0.000000e+00  0.000000e+00 0.000000e+00 -1.000000e+00
  1266  1.000000e+00 0.000000e+00 0.000000e+00  0.000000e+00 1.000000e+00 0.000000e+00  0.000000e+00 0.000000e+00 1.000000e+00
  1267  4.932449e-01 -8.698905e-01 0.000000e+00  8.698905e-01 4.932449e-01 0.000000e+00  -0.000000e+00 0.000000e+00 1.000000e+00
  1268  5.134190e-01 8.581381e-01 0.000000e+00  8.581381e-01 -5.134190e-01 0.000000e+00  0.000000e+00 0.000000e+00 -1.000000e+00
  1269  -4.234735e-01 9.059085e-01 0.000000e+00  9.059085e-01 4.234735e-01 0.000000e+00  0.000000e+00 0.000000e+00 -1.000000e+00
  1270  -9.876883e-01 1.564345e-01 0.000000e+00  1.564345e-01 9.876883e-01 0.000000e+00  0.000000e+00 0.000000e+00 -1.000000e+00
  1271  9.876883e-01 -1.564345e-01 0.000000e+00  1.564345e-01 9.876883e-01 0.000000e+00  -0.000000e+00 0.000000e+00 1.000000e+00
  1272  -6.826884e-01 -7.307096e-01 0.000000e+00  7.307096e-01 -6.826884e-01 0.000000e+00  -0.000000e+00 0.000000e+00 1.000000e+00
  1273  2.231112e-01 -9.747930e-01 0.000000e+00  9.747930e-01 2.231112e-01 0.000000e+00  -0.000000e+00 0.000000e+00 1.000000e+00
  1274  -9.510565e-01 -3.090170e-01 0.000000e+00  -3.090170e-01 9.510565e-01 0.000000e+00  -0.000000e+00 0.000000e+00 -1.000000e+00
  1275  -2.231112e-01 -9.747930e-01 0.000000e+00  9.747930e-01 -2.231112e-01 0.000000e+00  -0.000000e+00 0.000000e+00 1.000000e+00
  1276  7.379147e-01 -6.748940e-01 0.000000e+00  6.748940e-01 7.379147e-01 0.000000e+00  -0.000000e+00 0.000000e+00 1.000000e+00
  1277  -7.534697e-01 6.574826e-01 0.000000e+00  6.574826e-01 7.534697e-01 0.000000e+00  0.000000e+00 0.000000e+00 -1.000000e+00
  1278  9.510565e-01 3.090170e-01 0.000000e+00  -3.090170e-01 9.510565e-01 0.000000e+00  0.000000e+00 0.000000e+00 1.000000e+00
  1279  2.002928e-01 9.797361e-01 0.000000e+00  9.797361e-01 -2.002928e-01 0.000000e+00  0.000000e+00 0.000000e+00 -1.000000e+00
  1280  -9.876883e-01 -1.564345e-01 0.000000e+00  -1.564345e-01 9.876883e-01 0.000000e+00  -0.000000e+00 0.000000e+00 -1.000000e+00
  1281  -4.932449e-01 -8.698905e-01 0.000000e+00  8.698905e-01 -4.932449e-01 0.000000e+00  -0.000000e+00 0.000000e+00 1.000000e+00
  1282  -7.379147e-01 6.748940e-01 0.000000e+00  6.748940e-01 7.379147e-01 0.000000e+00  0.000000e+00 0.000000e+00 -1.000000e+00
  1283  3.728556e-01 -9.278894e-01 0.000000e+00  9.278894e-01 3.728556e-01 0.000000e+00  -0.000000e+00 0.000000e+00 1.000000e+00
  1284  9.876883e-01 1.564345e-01 0.000000e+00  -1.564345e-01 9.876883e-01 0.000000e+00  0.000000e+00 0.000000e+00 1.000000e+00
  1285  6.787315e-02 9.976940e-01 0.000000e+00  9.976940e-01 -6.787315e-02 0.000000e+00  0.000000e+00 0.000000e+00 -1.000000e+00
  1286  8.470462e-01 -5.315193e-01 0.000000e+00  5.315193e-01 8.470462e-01 0.000000e+00  -0.000000e+00 0.000000e+00 1.000000e+00
  1287  8.910065e-01 4.539905e-01 0.000000e+00  -4.539905e-01 8.910065e-01 0.000000e+00  0.000000e+00 0.000000e+00 1.000000e+00
  1288  -4.456237e-02 -9.990066e-01 0.000000e+00  9.990066e-01 -4.456237e-02 0.000000e+00  -0.000000e+00 0.000000e+00 1.000000e+00
  1289  -8.910065e-01 -4.539905e-01 0.000000e+00  -4.539905e-01 8.910065e-01 0.000000e+00  -0.000000e+00 0.000000e+00 -1.000000e+00
  1290  -8.344064e-01 5.511496e-01 0.000000e+00  5.511496e-01 8.344064e-01 0.000000e+00  0.000000e+00 0.000000e+00 -1.000000e+00
  1291  6.787315e-02 9.976940e-01 0.000000e+00  9.976940e-01 -6.787315e-02 0.000000e+00  0.000000e+00 0.000000e+00 -1.000000e+00
  1292  -8.910065e-01 -4.539905e-01 0.000000e+00  -4.539905e-01 8.910065e-01 0.000000e+00  -0.000000e+00 0.000000e+00 -1.000000e+00
  1293  -1.228062e-01 -9.924307e-01 0.000000e+00  9.924307e-01 -1.228062e-01 0.000000e+00  -0.000000e+00 0.000000e+00 1.000000e+00
  1294  7.534697e-01 -6.574826e-01 0.000000e+00  6.574826e-01 7.534697e-01 0.000000e+00  -0.000000e+00 0.000000e+00 1.000000e+00
  1295  8.910065e-01 4.539905e-01 0.000000e+00  -4.539905e-01 8.910065e-01 0.000000e+00  0.000000e+00 0.000000e+00 1.000000e+00
  1296  -8.750769e-01 4.839838e-01 0.000000e+00  4.839838e-01 8.750769e-01 0.000000e+00  0.000000e+00 0.000000e+00 -1.000000e+00
  1297  -8.903620e-02 9.960284e-01 0.000000e+00  9.960284e-01 8.903620e-02 0.000000e+00  0.000000e+00 0.000000e+00 -1.000000e+00
  1298  -3.728556e-01 9.278894e-01 0.000000e+00  9.278894e-01 3.728556e-01 0.000000e+00  0.000000e+00 0.000000e+00 -1.000000e+00
  1299  -1.000000e+00 0.000000e+00 0.000000e+00  0.000000e+00 1.000000e+00 0.000000e+00  0.000000e+00 0.000000e+00 -1.000000e+00
  1300  5.599752e-01 8.285094e-01 0.000000e+00  8.285094e-01 -5.599752e-01 0.000000e+00  0.000000e+00 0.000000e+00 -1.000000e+00
  1301  -3.728556e-01 -9.278894e-01 0.000000e+00  9.278894e-01 -3.728556e-01 0.000000e+00  -0.000000e+00 0.000000e+00 1.000000e+00
  1302  1.000000e+00 0.000000e+00 0.000000e+00  0.000000e+00 1.000000e+00 0.000000e+00  0.000000e+00 0.000000e+00 1.000000e+00
  1303  5.599752e-01 -8.285094e-01 0.000000e+00  8.285094e-01 5.599752e-01 0.000000e+00  -0.000000e+00 0.000000e+00 1.000000e+00
  1304  -9.876883e-01 -1.564345e-01 0.000000e+00  -1.564345e-01 9.876883e-01 0.000000e+00  -0.000000e+00 0.000000e+00 -1.000000e+00
  1305  -5.599752e-01 -8.285094e-01 0.000000e+00  8.285094e-01 -5.599752e-01 0.000000e+00  -0.000000e+00 0.000000e+00 1.000000e+00
  1306  -7.885915e-01 6.149174e-01 0.000000e+00  6.149174e-01 7.885915e-01 0.000000e+00  0.000000e+00 0.000000e+00 -1.000000e+00
  1307  2.231112e-01 -9.747930e-01 0.000000e+00  9.747930e-01 2.231112e-01 0.000000e+00  -0.000000e+00 0.000000e+00 1.000000e+00
  1308  -8.903620e-02 9.960284e-01 0.000000e+00  9.960284e-01 8.903620e-02 0.000000e+00  0.000000e+00 0.000000e+00 -1.000000e+00
  1309  9.876883e-01 1.564345e-01 0.000000e+00  -1.564345e-01 9.876883e-01 0.000000e+00  0.000000e+00 0.000000e+00 1.000000e+00
  1310  -6.787315e-02 -9.976940e-01 0.000000e+00  9.976940e-01 -6.787315e-02 0.000000e+00  -0.000000e+00 0.000000e+00 1.000000e+00
  1311  7.885915e-01 -6.149174e-01 0.000000e+00  6.149174e-01 7.885915e-01 0.000000e+00  -0.000000e+00 0.000000e+00 1.000000e+00
  1312  -9.510565e-01 -3.090170e-01 0.000000e+00  -3.090170e-01 9.510565e-01 0.000000e+00  -0.000000e+00 0.000000e+00 -1.000000e+00
  1313  9.510565e-01 3.090170e-01 0.000000e+00  -3.090170e-01 9.510565e-01 0.000000e+00  0.000000e+00 0.000000e+00 1.000000e+00
  1314  -6.413403e-01 7.672565e-01 0.000000e+00  7.672565e-01 6.413403e-01 0.000000e+00  0.000000e+00 0.000000e+00 -1.000000e+00
  1315  2.765446e-01 9.610011e-01 0.000000e+00  9.610011e-01 -2.765446e-01 0.000000e+00  0.000000e+00 0.000000e+00 -1.000000e+00
  1316  3.728556e-01 9.278894e-01 0.000000e+00  9.278894e-01 -3.728556e-01 0.000000e+00  0.000000e+00 0.000000e+00 -1.000000e+00
  1317  -4.932449e-01 8.698905e-01 0.000000e+00  8.698905e-01 4.932449e-01 0.000000e+00  0.000000e+00 0.000000e+00 -1.000000e+00
  1318  -9.876883e-01 1.564345e-01 0.000000e+00  1.564345e-01 9.876883e-01 0.000000e+00  0.000000e+00 0.000000e+00 -1.000000e+00
  1319  9.876883e-01 -1.564345e-01 0.000000e+00  1.564345e-01 9.876883e-01 0.000000e+00  -0.000000e+00 0.000000e+00 1.000000e+00
  1320  -7.379147e-01 -6.748940e-01 0.000000e+00  6.748940e-01 -7.379147e-01 0.000000e+00  -0.000000e+00 0.000000e+00 1.000000e+00
  1321  6.787315e-02 -9.976940e-01 0.000000e+00  9.976940e-01 6.787315e-02 0.000000e+00  -0.000000e+00 0.000000e+00 1.000000e+00
  1322  -2.231112e-01 9.747930e-01 0.000000e+00  9.747930e-01 2.231112e-01 0.000000e+00  0.000000e+00 0.000000e+00 -1.000000e+00
  1323  -1.000000e+00 0.000000e+00 0.000000e+00  0.000000e+00 1.000000e+00 0.000000e+00  0.000000e+00 0.000000e+00 -1.000000e+00
  1324  -2.231112e-01 -9.747930e-01 0.000000e+00  9.747930e-01 -2.231112e-01 0.000000e+00  -0.000000e+00 0.000000e+00 1.000000e+00
  1325  6.232531e-01 7.820202e-01 0.000000e+00  7.820202e-01 -6.232531e-01 0.000000e+00  0.000000e+00 0.000000e+00 -1.000000e+00
  1326  1.000000e+00 0.000000e+00 0.000000e+00  0.000000e+00 1.000000e+00 0.000000e+00  0.000000e+00 0.000000e+00 1.000000e+00
  1327  6.232531e-01 -7.820202e-01 0.000000e+00  7.820202e-01 6.232531e-01 0.000000e+00  -0.000000e+00 0.000000e+00 1.000000e+00
  1328  -5.599752e-01 8.285094e-01 0.000000e+00  8.285094e-01 5.599752e-01 0.000000e+00  0.000000e+00 0.000000e+00 -1.000000e+00
  1329  -9.876883e-01 1.564345e-01 0.000000e+00  1.564345e-01 9.876883e-01 0.000000e+00  0.000000e+00 0.000000e+00 -1.000000e+00
  1330  2.231112e-01 9.747930e-01 0.000000e+00  9.747930e-01 -2.231112e-01 0.000000e+00  0.000000e+00 0.000000e+00 -1.000000e+00
  1331  9.876883e-01 -1.564345e-01 0.000000e+00  1.564345e-01 9.876883e-01 0.000000e+00  -0.000000e+00 0.000000e+00 1.000000e+00
  1332  -7.885915e-01 -6.149174e-01 0.000000e+00  6.149174e-01 -7.885915e-01 0.000000e+00  -0.000000e+00 0.000000e+00 1.000000e+00
  1333  -8.903620e-02 -9.960284e-01 0.000000e+00  9.960284e-01 -8.903620e-02 0.000000e+00  -0.000000e+00 0.000000e+00 1.000000e+00
  1334  -9.510565e-01 -3.090170e-01 0.000000e+00  -3.090170e-01 9.510565e-01 0.000000e+00  -0.000000e+00 0.000000e+00 -1.000000e+00
  1335  8.903620e-02 -9.960284e-01 0.000000e+00  9.960284e-01 8.903620e-02 0.000000e+00  -0.000000e+00 0.000000e+00 1.000000e+00
  1336  8.344064e-01 -5.511496e-01 0.000000e+00  5.511496e-01 8.344064e-01 0.000000e+00  -0.000000e+00 0.000000e+00 1.000000e+00
  1337  -5.134190e-01 8.581381e-01 0.000000e+00  8.581381e-01 5.134190e-01 0.000000e+00  0.000000e+00 0.000000e+00 -1.000000e+00
  1338  9.510565e-01 3.090170e-01 0.000000e+00  -3.090170e-01 9.510565e-01 0.000000e+00  0.000000e+00 0.000000e+00 1.000000e+00
  1339  3.510914e-01 9.363412e-01 0.000000e+00  9.363412e-01 -3.510914e-01 0.000000e+00  0.000000e+00 0.000000e+00 -1.000000e+00
  1340  -9.876883e-01 -1.564345e-01 0.000000e+00  -1.564345e-01 9.876883e-01 0.000000e+00  -0.000000e+00 0.000000e+00 -1.000000e+00
  1341  -6.232531e-01 -7.820202e-01 0.000000e+00  7.820202e-01 -6.232531e-01 0.000000e+00  -0.000000e+00 0.000000e+00 1.000000e+00
  1342  -8.344064e-01 5.511496e-01 0.000000e+00  5.511496e-01 8.344064e-01 0.000000e+00  0.000000e+00 0.000000e+00 -1.000000e+00
  1343  6.787315e-02 -9.976940e-01 0.000000e+00  9.976940e-01 6.787315e-02 0.000000e+00  -0.000000e+00 0.000000e+00 1.000000e+00
  1344  9.876883e-01 1.564345e-01 0.000000e+00  -1.564345e-01 9.876883e-01 0.000000e+00  0.000000e+00 0.000000e+00 1.000000e+00
  1345  -2.437532e-01 9.698373e-01 0.000000e+00  9.698373e-01 2.437532e-01 0.000000e+00  0.000000e+00 0.000000e+00 -1.000000e+00
  1346  6.413403e-01 -7.672565e-01 0.000000e+00  7.672565e-01 6.413403e-01 0.000000e+00  -0.000000e+00 0.000000e+00 1.000000e+00
  1347  8.910065e-01 4.539905e-01 0.000000e+00  -4.539905e-01 8.910065e-01 0.000000e+00  0.000000e+00 0.000000e+00 1.000000e+00
  1348  -2.002928e-01 -9.797361e-01 0.000000e+00  9.797361e-01 -2.002928e-01 0.000000e+00  -0.000000e+00 0.000000e+00 1.000000e+00
  1349  -8.910065e-01 -4.539905e-01 0.000000e+00  -4.539905e-01 8.910065e-01 0.000000e+00  -0.000000e+00 0.000000e+00 -1.000000e+00
  1350  -9.103523e-01 4.138341e-01 0.000000e+00  4.138341e-01 9.103523e-01 0.000000e+00  0.000000e+00 0.000000e+00 -1.000000e+00
  1351  -2.437532e-01 9.698373e-01 0.000000e+00  9.698373e-01 2.437532e-01 0.000000e+00  0.000000e+00 0.000000e+00 -1.000000e+00
  1352  -8.910065e-01 -4.539905e-01 0.000000e+00  -4.539905e-01 8.910065e-01 0.000000e+00  -0.000000e+00 0.000000e+00 -1.000000e+00
  1353  -2.765446e-01 -9.610011e-01 0.000000e+00  9.610011e-01 -2.765446e-01 0.000000e+00  -0.000000e+00 0.000000e+00 1.000000e+00
  1354  5.134190e-01 -8.581381e-01 0.000000e+00  8.581381e-01 5.134190e-01 0.000000e+00  -0.000000e+00 0.000000e+00 1.000000e+00
  1355  8.910065e-01 4.539905e-01 0.000000e+00  -4.539905e-01 8.910065e-01 0.000000e+00  0.000000e+00 0.000000e+00 1.000000e+00
  1356  -9.400150e-01 3.411330e-01 0.000000e+00  3.411330e-01 9.400150e-01 0.000000e+00  0.000000e+00 0.000000e+00 -1.000000e+00
  1357  -3.924682e-01 9.197656e-01 0.000000e+00  9.197656e-01 3.924682e-01 0.000000e+00  0.000000e+00 0.000000e+00 -1.000000e+00
  1358  -6.787315e-02 9.976940e-01 0.000000e+00  9.976940e-01 6.787315e-02 0.000000e+00  0.000000e+00 0.000000e+00 -1.000000e+00
  1359  -1.000000e+00 0.000000e+00 0.000000e+00  0.000000e+00 1.000000e+00 0.000000e+00  0.000000e+00 0.000000e+00 -1.000000e+00
  1360  6.826884e-01 7.307096e-01 0.000000e+00  7.307096e-01 -6.826884e-01 0.000000e+00  0.000000e+00 0.000000e+00 -1.000000e+00
  1361  -6.787315e-02 -9.976940e-01 0.000000e+00  9.976940e-01 -6.787315e-02 0.000000e+00  -0.000000e+00 0.000000e+00 1.000000e+00
  1362  6.826884e-01 -7.307096e-01 0.000000e+00  7.307096e-01 6.826884e-01 0.000000e+00  -0.000000e+00 0.000000e+00 1.000000e+00
  1363  1.000000e+00 0.000000e+00 0.000000e+00  0.000000e+00 1.000000e+00 0.000000e+00  0.000000e+00 0.000000e+00 1.000000e+00
  1364  -9.876883e-01 -1.564345e-01 0.000000e+00  -1.564345e-01 9.876883e-01 0.000000e+00  -0.000000e+00 0.000000e+00 -1.000000e+00
  1365  -6.826884e-01 -7.307096e-01 0.000000e+00  7.307096e-01 -6.826884e-01 0.000000e+00  -0.000000e+00 0.000000e+00 1.000000e+00
  1366  -8.750769e-01 4.839838e-01 0.000000e+00  4.839838e-01 8.750769e-01 0.000000e+00  0.000000e+00 0.000000e+00 -1.000000e+00
  1367  -8.903620e-02 -9.960284e-01 0.000000e+00  9.960284e-01 -8.903620e-02 0.000000e+00  -0.000000e+00 0.000000e+00 1.000000e+00
  1368  -3.924682e-01 9.197656e-01 0.000000e+00  9.197656e-01 3.924682e-01 0.000000e+00  0.000000e+00 0.000000e+00 -1.000000e+00
  1369  9.876883e-01 1.564345e-01 0.000000e+00  -1.564345e-01 9.876883e-01 0.000000e+00  0.000000e+00 0.000000e+00 1.000000e+00
  1370  2.437532e-01 -9.698373e-01 0.000000e+00  9.698373e-01 2.437532e-01 0.000000e+00  -0.000000e+00 0.000000e+00 1.000000e+00
  1371  8.750769e-01 -4.839838e-01 0.000000e+00  4.839838e-01 8.750769e-01 0.000000e+00  -0.000000e+00 0.000000e+00 1.000000e+00
  1372  -9.510565e-01 -3.090170e-01 0.000000e+00  -3.090170e-01 9.510565e-01 0.000000e+00  -0.000000e+00 0.000000e+00 -1.000000e+00
  1373  9.510565e-01 3.090170e-01 0.000000e+00  -3.090170e-01 9.510565e-01 0.000000e+00  0.000000e+00 0.000000e+00 1.000000e+00
  1374  -3.728556e-01 9.278894e-01 0.000000e+00  9.278894e-01 3.728556e-01 0.000000e+00  0.000000e+00 0.000000e+00 -1.000000e+00
  1375  4.234735e-01 9.059085e-01 0.000000e+00  9.059085e-01 -4.234735e-01 0.000000e+00  0.000000e+00 0.000000e+00 -1.000000e+00
  1376  -6.232531e-01 7.820202e-01 0.000000e+00  7.820202e-01 6.232531e-01 0.000000e+00  0.000000e+00 0.000000e+00 -1.000000e+00
  1377  -9.876883e-01 1.564345e-01 0.000000e+00  1.564345e-01 9.876883e-01 0.000000e+00  0.000000e+00 0.000000e+00 -1.000000e+00
  1378  6.787315e-02 9.976940e-01 0.000000e+00  9.976940e-01 -6.787315e-02 0.000000e+00  0.000000e+00 0.000000e+00 -1.000000e+00
  1379  9.876883e-01 -1.564345e-01 0.000000e+00  1.564345e-01 9.876883e-01 0.000000e+00  -0.000000e+00 0.000000e+00 1.000000e+00
  1380  -8.344064e-01 -5.511496e-01 0.000000e+00  -5.511496e-01 8.344064e-01 0.000000e+00  -0.000000e+00 0.000000e+00 -1.000000e+00
  1381  -2.437532e-01 -9.698373e-01 0.000000e+00  9.698373e-01 -2.437532e-01 0.000000e+00  -0.000000e+00 0.000000e+00 1.000000e+00
  1382  -6.826884e-01 7.307096e-01 0.000000e+00  7.307096e-01 6.826884e-01 0.000000e+00  0.000000e+00 0.000000e+00 -1.000000e+00
  1383  -9.876883e-01 1.564345e-01 0.000000e+00  1.564345e-01 9.876883e-01 0.000000e+00  0.000000e+00 0.000000e+00 -1.000000e+00
  1384  -8.903620e-02 9.960284e-01 0.000000e+00  9.960284e-01 8.903620e-02 0.000000e+00  0.000000e+00 0.000000e+00 -1.000000e+00
  1385  9.876883e-01 -1.564345e-01 0.000000e+00  1.564345e-01 9.876883e-01 0.000000e+00  -0.000000e+00 0.000000e+00 1.000000e+00
  1386  -8.750769e-01 -4.839838e-01 0.000000e+00  -4.839838e-01 8.750769e-01 0.000000e+00  -0.000000e+00 0.000000e+00 -1.000000e+00
  1387  -3.924682e-01 -9.197656e-01 0.000000e+00  9.197656e-01 -3.924682e-01 0.000000e+00  -0.000000e+00 0.000000e+00 1.000000e+00
  1388  8.903620e-02 9.960284e-01 0.000000e+00  9.960284e-01 -8.903620e-02 0.000000e+00  0.000000e+00 0.000000e+00 -1.000000e+00
  1389  -1.000000e+00 0.000000e+00 0.000000e+00  0.000000e+00 1.000000e+00 0.000000e+00  0.000000e+00 0.000000e+00 -1.000000e+00
  1390  8.903620e-02 -9.960284e-01 0.000000e+00  9.960284e-01 8.903620e-02 0.000000e+00  -0.000000e+00 0.000000e+00 1.000000e+00
  1391  6.748940e-01 7.379147e-01 0.000000e+00  7.379147e-01 -6.748940e-01 0.000000e+00  0.000000e+00 0.000000e+00 -1.000000e+00
  1392  1.000000e+00 0.000000e+00 0.000000e+00  0.000000e+00 1.000000e+00 0.000000e+00  0.000000e+00 0.000000e+00 1.000000e+00
  1393  6.748940e-01 -7.379147e-01 0.000000e+00  7.379147e-01 6.748940e-01 0.000000e+00  -0.000000e+00 0.000000e+00 1.000000e+00
  1394  3.924682e-01 -9.197656e-01 0.000000e+00  9.197656e-01 3.924682e-01 0.000000e+00  -0.000000e+00 0.000000e+00 1.000000e+00
  1395  8.698905e-01 -4.932449e-01 0.000000e+00  4.932449e-01 8.698905e-01 0.000000e+00  -0.000000e+00 0.000000e+00 1.000000e+00
  1396  -9.510565e-01 -3.090170e-01 0.000000e+00  -3.090170e-01 9.510565e-01 0.000000e+00  -0.000000e+00 0.000000e+00 -1.000000e+00
  1397  -2.231112e-01 9.747930e-01 0.000000e+00  9.747930e-01 2.231112e-01 0.000000e+00  0.000000e+00 0.000000e+00 -1.000000e+00
  1398  9.510565e-01 3.090170e-01 0.000000e+00  -3.090170e-01 9.510565e-01 0.000000e+00  0.000000e+00 0.000000e+00 1.000000e+00
  1399  4.138341e-01 9.103523e-01 0.000000e+00  9.103523e-01 -4.138341e-01 0.000000e+00  0.000000e+00 0.000000e+00 -1.000000e+00
  1400  -8.698905e-01 4.932449e-01 0.000000e+00  4.932449e-01 8.698905e-01 0.000000e+00  0.000000e+00 0.000000e+00 -1.000000e+00
  1401  -9.876883e-01 -1.564345e-01 0.000000e+00  -1.564345e-01 9.876883e-01 0.000000e+00  -0.000000e+00 0.000000e+00 -1.000000e+00
  1402  -6.748940e-01 -7.379147e-01 0.000000e+00  7.379147e-01 -6.748940e-01 0.000000e+00  -0.000000e+00 0.000000e+00 1.000000e+00
  1403  3.728556e-01 -9.278894e-01 0.000000e+00  9.278894e-01 3.728556e-01 0.000000e+00  -0.000000e+00 0.000000e+00 1.000000e+00
  1404  8.910065e-01 4.539905e-01 0.000000e+00  -4.539905e-01 8.910065e-01 0.000000e+00  0.000000e+00 0.000000e+00 1.000000e+00
  1405  -3.510914e-01 -9.363412e-01 0.000000e+00  9.363412e-01 -3.510914e-01 0.000000e+00  -0.000000e+00 0.000000e+00 1.000000e+00
  1406  -8.910065e-01 -4.539905e-01 0.000000e+00  -4.539905e-01 8.910065e-01 0.000000e+00  -0.000000e+00 0.000000e+00 -1.000000e+00
  1407  -9.638823e-01 2.663287e-01 0.000000e+00  2.663287e-01 9.638823e-01 0.000000e+00  0.000000e+00 0.000000e+00 -1.000000e+00
  1408  -5.315193e-01 8.470462e-01 0.000000e+00  8.470462e-01 5.315193e-01 0.000000e+00  0.000000e+00 0.000000e+00 -1.000000e+00
  1409  -8.910065e-01 -4.539905e-01 0.000000e+00  -4.539905e-01 8.910065e-01 0.000000e+00  -0.000000e+00 0.000000e+00 -1.000000e+00
  1410  -4.234735e-01 -9.059085e-01 0.000000e+00  9.059085e-01 -4.234735e-01 0.000000e+00  -0.000000e+00 0.000000e+00 1.000000e+00
  1411  2.231112e-01 -9.747930e-01 0.000000e+00  9.747930e-01 2.231112e-01 0.000000e+00  -0.000000e+00 0.000000e+00 1.000000e+00
  1412  8.910065e-01 4.539905e-01 0.000000e+00  -4.539905e-01 8.910065e-01 0.000000e+00  0.000000e+00 0.000000e+00 1.000000e+00
  1413  -9.818069e-01 1.898824e-01 0.000000e+00  1.898824e-01 9.818069e-01 0.000000e+00  0.000000e+00 0.000000e+00 -1.000000e+00
  1414  -6.574826e-01 7.534697e-01 0.000000e+00  7.534697e-01 6.574826e-01 0.000000e+00  0.000000e+00 0.000000e+00 -1.000000e+00
  1415  -1.000000e+00 0.000000e+00 0.000000e+00  0.000000e+00 1.000000e+00 0.000000e+00  0.000000e+00 0.000000e+00 -1.000000e+00
  1416  -6.748940e-01 7.379147e-01 0.000000e+00  7.379147e-01 6.748940e-01 0.000000e+00  0.000000e+00 0.000000e+00 -1.000000e+00
  1417  -9.876883e-01 1.564345e-01 0.000000e+00  1.564345e-01 9.876883e-01 0.000000e+00  0.000000e+00 0.000000e+00 -1.000000e+00
  1418  -9.510565e-01 -3.090170e-01 0.000000e+00  -3.090170e-01 9.510565e-01 0.000000e+00  -0.000000e+00 0.000000e+00 -1.000000e+00
  1419  -8.910065e-01 -4.539905e-01 0.000000e+00  -4.539905e-01 8.910065e-01 0.000000e+00  -0.000000e+00 0.000000e+00 -1.000000e+00
  1420  -4.138341e-01 -9.103523e-01 0.000000e+00  9.103523e-01 -4.138341e-01 0.000000e+00  -0.000000e+00 0.000000e+00 1.000000e+00
  1421  6.826884e-01 -7.307096e-01 0.000000e+00  7.307096e-01 6.826884e-01 0.000000e+00  -0.000000e+00 0.000000e+00 1.000000e+00
  1422  8.090170e-01 5.877853e-01 0.000000e+00  -5.877853e-01 8.090170e-01 0.000000e+00  0.000000e+00 0.000000e+00 1.000000e+00
  1423  -6.413403e-01 -7.672565e-01 0.000000e+00  7.672565e-01 -6.413403e-01 0.000000e+00  -0.000000e+00 0.000000e+00 1.000000e+00
  1424  -8.090170e-01 -5.877853e-01 0.000000e+00  -5.877853e-01 8.090170e-01 0.000000e+00  -0.000000e+00 0.000000e+00 -1.000000e+00
  1425  -9.278894e-01 -3.728556e-01 0.000000e+00  -3.728556e-01 9.278894e-01 0.000000e+00  -0.000000e+00 0.000000e+00 -1.000000e+00
  1426  -4.839838e-01 8.750769e-01 0.000000e+00  8.750769e-01 4.839838e-01 0.000000e+00  0.000000e+00 0.000000e+00 -1.000000e+00
